81176
86576
86856
78336
89176
77856
77296
79136
81096
78296
77176
81136
78496
90176
80696
85016
81256
85456
81696
83536
90736
80256
76416
74976
89696
87696
85016
83976
91296
85936
86496
81896
78816
86936
82136
84376
86256
93336
82976
82816
82816
83016
78416
86416
76656
77016
84296
83136
94336
87256
84136
88816
77976
87056
80296
83416
82736
86216
91936
91336
94336
94336
94336
94336
94336
94336
94336
94336
94336
94336
94336
94336
94336
94336
94336
94336
94336
94336
94336
94336
93336
93336
93336
93336
93336
93336
93336
93336
93336
93336
93336
93336
93336
93336
93336
93336
91936
91936
91936
91936
91936
91936
91936
91936
91936
91936
91936
91936
91336
91336
91336
91336
91336
91336
91336
91336
91296
91296
91296
91296
94336
94336
94336
94336
94336
94336
94336
94336
94336
94336
94336
94336
94336
94336
94336
94336
94336
94336
94336
94336
94336
94336
94336
94336
94336
94336
94336
94336
94336
94336
94336
94336
94336
94336
94336
94336
94336
94336
94336
94336
94336
94336
94336
94336
94336
94336
94336
94336
94336
94336
94336
94336
94336
94336
94336
94336
94336
94336
94336
94336
94336
94336
94336
94336
94336
94336
